0
40
0
78
0
22
0
78
0
288
0
125
0
213
0
74
0
184
1
46
1
271
1
11
1
205
1
5
1
6
1
83
1
273
1
290
1
266
1
268
2
223
2
283
2
13
2
92
2
21
2
290
2
208
2
53
2
1
2
164
2
247
2
144
3
291
3
38
3
71
3
251
3
244
3
160
3
91
3
46
3
270
3
261
3
84
4
127
4
211
4
233
4
203
4
189
4
142
4
110
4
90
4
34
4
87
4
7
5
73
5
262
5
211
5
87
5
136
5
13
5
164
6
270
6
43
6
202
6
76
6
104
6
159
6
161
6
270
6
279
7
213
7
269
7
27
7
46
7
116
7
100
7
60
7
167
7
263
7
248
8
24
8
136
8
45
8
230
8
133
8
169
8
247
8
73
8
261
8
143
8
34
9
128
9
191
9
98
9
272
9
253
9
171
9
183
9
101
9
188
