0
287
0
106
0
104
0
172
0
246
0
252
0
86
0
207
0
74
0
161
0
87
0
221
0
259
1
120
1
229
1
82
1
199
1
184
1
207
1
102
1
7
1
37
1
106
1
161
1
264
1
61
2
141
2
239
2
74
2
269
2
236
2
24
2
98
2
287
2
24
2
31
2
129
2
222
2
163
2
42
2
129
3
176
3
260
3
245
3
112
3
279
3
233
4
192
4
81
4
295
4
209
4
270
4
290
4
20
4
50
5
216
5
82
5
43
5
70
5
282
5
49
5
235
5
285
5
22
6
37
6
286
6
219
6
101
6
58
6
33
6
135
6
40
6
75
6
160
6
43
6
119
6
31
7
54
7
137
7
215
7
265
8
237
8
100
8
102
8
75
8
211
8
106
8
22
9
219
9
191
9
191
9
261
9
17
9
107
9
216
9
64
9
126
9
179
9
140
9
258
